Temperature (K)	Pressure (MPa)	Density (kg/m3)	Volume (m3/kg)	Internal Energy (kJ/kg)	Enthalpy (kJ/kg)	Entropy (J/g*K)	Cv (J/g*K)	Cp (J/g*K)	Sound Spd. (m/s)	Joule-Thomson (K/MPa)	Viscosity (uPa*s)	Therm. Cond. (W/m*K)	Phase
18.000	1.2000	32.783	0.030504	54.450	91.054	7.8878	3.1222	5.9175	264.46	0.86438	3.8251	0.028542	supercritical
19.000	1.2000	30.797	0.032471	57.967	96.931	8.2056	3.1241	5.8394	271.38	0.80212	3.9194	0.029188	supercritical
20.000	1.2000	29.057	0.034416	61.438	102.74	8.5034	3.1255	5.7731	278.13	0.74175	4.0141	0.029837	supercritical
21.000	1.2000	27.517	0.036341	64.871	108.48	8.7837	3.1266	5.7166	284.71	0.68395	4.1087	0.030487	supercritical
22.000	1.2000	26.144	0.038250	68.273	114.17	9.0484	3.1275	5.6680	291.13	0.62906	4.2030	0.031137	supercritical
23.000	1.2000	24.911	0.040143	71.647	119.82	9.2994	3.1282	5.6260	297.38	0.57717	4.2969	0.031786	supercritical
24.000	1.2000	23.796	0.042023	74.998	125.43	9.5381	3.1287	5.5895	303.49	0.52825	4.3903	0.032434	supercritical
25.000	1.2000	22.783	0.043892	78.329	131.00	9.7656	3.1292	5.5575	309.46	0.48219	4.4830	0.033080	supercritical
26.000	1.2000	21.858	0.045750	81.643	136.54	9.9830	3.1295	5.5293	315.30	0.43884	4.5750	0.033724	supercritical
27.000	1.2000	21.009	0.047598	84.941	142.06	10.191	3.1298	5.5044	321.02	0.39804	4.6663	0.034366	supercritical
28.000	1.2000	20.227	0.049438	88.227	147.55	10.391	3.1300	5.4822	326.61	0.35960	4.7568	0.035005	supercritical
29.000	1.2000	19.504	0.051270	91.500	153.02	10.583	3.1302	5.4623	332.10	0.32336	4.8465	0.035642	supercritical
30.000	1.2000	18.834	0.053096	94.762	158.48	10.768	3.1303	5.4445	337.49	0.28916	4.9355	0.036276	supercritical
31.000	1.2000	18.210	0.054915	98.016	163.91	10.946	3.1304	5.4285	342.77	0.25685	5.0237	0.036907	supercritical
32.000	1.2000	17.628	0.056729	101.26	169.33	11.118	3.1305	5.4139	347.97	0.22628	5.1112	0.037535	supercritical
33.000	1.2000	17.083	0.058538	104.50	174.74	11.285	3.1305	5.4007	353.08	0.19733	5.1978	0.038161	supercritical
34.000	1.2000	16.572	0.060341	107.73	180.14	11.446	3.1305	5.3887	358.10	0.16988	5.2838	0.038784	supercritical
35.000	1.2000	16.092	0.062141	110.95	185.52	11.602	3.1305	5.3776	363.05	0.14382	5.3690	0.039404	supercritical
36.000	1.2000	15.640	0.063937	114.17	190.89	11.753	3.1305	5.3676	367.92	0.11905	5.4534	0.040021	supercritical
37.000	1.2000	15.214	0.065729	117.38	196.26	11.900	3.1305	5.3583	372.72	0.095484	5.5372	0.040635	supercritical
38.000	1.2000	14.811	0.067517	120.59	201.61	12.043	3.1304	5.3497	377.45	0.073037	5.6203	0.041247	supercritical
39.000	1.2000	14.429	0.069303	123.79	206.95	12.182	3.1304	5.3418	382.11	0.051633	5.7027	0.041855	supercritical
40.000	1.2000	14.068	0.071086	126.99	212.29	12.317	3.1303	5.3345	386.71	0.031204	5.7844	0.042461	supercritical
41.000	1.2000	13.724	0.072865	130.19	217.62	12.448	3.1302	5.3277	391.26	0.011687	5.8655	0.043064	supercritical
42.000	1.2000	13.397	0.074643	133.38	222.95	12.577	3.1301	5.3214	395.74	-0.0069766	5.9460	0.043665	supercritical
43.000	1.2000	13.086	0.076418	136.56	228.27	12.702	3.1300	5.3155	400.17	-0.024840	6.0259	0.044263	supercritical
44.000	1.2000	12.789	0.078191	139.75	233.58	12.824	3.1299	5.3100	404.55	-0.041952	6.1051	0.044858	supercritical
45.000	1.2000	12.506	0.079962	142.93	238.89	12.943	3.1298	5.3048	408.88	-0.058357	6.1838	0.045450	supercritical
46.000	1.2000	12.235	0.081731	146.11	244.19	13.060	3.1297	5.3000	413.16	-0.074097	6.2619	0.046040	supercritical
47.000	1.2000	11.976	0.083499	149.29	249.49	13.174	3.1296	5.2955	417.39	-0.089211	6.3394	0.046627	supercritical
48.000	1.2000	11.728	0.085264	152.46	254.78	13.285	3.1295	5.2913	421.57	-0.10373	6.4165	0.047212	supercritical
49.000	1.2000	11.490	0.087029	155.64	260.07	13.394	3.1294	5.2873	425.71	-0.11770	6.4929	0.047794	supercritical
50.000	1.2000	11.262	0.088791	158.81	265.36	13.501	3.1293	5.2835	429.81	-0.13113	6.5689	0.048373	supercritical
51.000	1.2000	11.043	0.090553	161.97	270.64	13.606	3.1292	5.2800	433.86	-0.14407	6.6444	0.048951	supercritical
52.000	1.2000	10.833	0.092313	165.14	275.92	13.708	3.1291	5.2767	437.88	-0.15653	6.7194	0.049525	supercritical
53.000	1.2000	10.630	0.094071	168.30	281.19	13.809	3.1289	5.2735	441.85	-0.16855	6.7939	0.050098	supercritical
54.000	1.2000	10.435	0.095829	171.47	286.46	13.907	3.1288	5.2705	445.79	-0.18013	6.8679	0.050668	supercritical
55.000	1.2000	10.247	0.097585	174.63	291.73	14.004	3.1287	5.2677	449.70	-0.19132	6.9415	0.051236	supercritical
56.000	1.2000	10.066	0.099341	177.79	297.00	14.099	3.1286	5.2650	453.56	-0.20211	7.0147	0.051801	supercritical
57.000	1.2000	9.8917	0.10110	180.95	302.26	14.192	3.1285	5.2624	457.39	-0.21254	7.0874	0.052364	supercritical
58.000	1.2000	9.7230	0.10285	184.10	307.52	14.283	3.1284	5.2600	461.19	-0.22263	7.1597	0.052925	supercritical
59.000	1.2000	9.5601	0.10460	187.26	312.78	14.373	3.1282	5.2577	464.96	-0.23238	7.2316	0.053484	supercritical
60.000	1.2000	9.4026	0.10635	190.41	318.04	14.462	3.1281	5.2555	468.69	-0.24181	7.3031	0.054041	supercritical
61.000	1.2000	9.2503	0.10810	193.57	323.29	14.549	3.1280	5.2535	472.40	-0.25094	7.3742	0.054595	supercritical
62.000	1.2000	9.1030	0.10985	196.72	328.54	14.634	3.1279	5.2515	476.07	-0.25978	7.4449	0.055148	supercritical
63.000	1.2000	8.9603	0.11160	199.87	333.80	14.718	3.1278	5.2496	479.71	-0.26834	7.5152	0.055698	supercritical
64.000	1.2000	8.8220	0.11335	203.02	339.04	14.801	3.1277	5.2478	483.33	-0.27664	7.5852	0.056246	supercritical
65.000	1.2000	8.6880	0.11510	206.17	344.29	14.882	3.1276	5.2460	486.91	-0.28468	7.6549	0.056792	supercritical
66.000	1.2000	8.5581	0.11685	209.32	349.54	14.962	3.1275	5.2444	490.47	-0.29249	7.7241	0.057337	supercritical
67.000	1.2000	8.4320	0.11860	212.47	354.78	15.041	3.1274	5.2428	494.00	-0.30006	7.7931	0.057879	supercritical
68.000	1.2000	8.3097	0.12034	215.61	360.02	15.119	3.1272	5.2413	497.51	-0.30740	7.8617	0.058419	supercritical
69.000	1.2000	8.1909	0.12209	218.76	365.26	15.195	3.1271	5.2398	500.99	-0.31454	7.9300	0.058958	supercritical
70.000	1.2000	8.0754	0.12383	221.90	370.50	15.270	3.1270	5.2385	504.45	-0.32146	7.9979	0.059494	supercritical
71.000	1.2000	7.9632	0.12558	225.05	375.74	15.345	3.1269	5.2371	507.88	-0.32819	8.0656	0.060029	supercritical
72.000	1.2000	7.8541	0.12732	228.19	380.98	15.418	3.1268	5.2358	511.29	-0.33474	8.1329	0.060562	supercritical
73.000	1.2000	7.7480	0.12907	231.33	386.21	15.490	3.1267	5.2346	514.67	-0.34109	8.2000	0.061093	supercritical
74.000	1.2000	7.6448	0.13081	234.47	391.45	15.561	3.1266	5.2334	518.04	-0.34728	8.2668	0.061622	supercritical
75.000	1.2000	7.5442	0.13255	237.62	396.68	15.632	3.1265	5.2323	521.38	-0.35329	8.3332	0.062150	supercritical
76.000	1.2000	7.4463	0.13429	240.76	401.91	15.701	3.1264	5.2312	524.69	-0.35914	8.3994	0.062675	supercritical
77.000	1.2000	7.3510	0.13604	243.90	407.14	15.769	3.1263	5.2302	527.99	-0.36484	8.4654	0.063199	supercritical
78.000	1.2000	7.2581	0.13778	247.04	412.37	15.837	3.1262	5.2292	531.26	-0.37038	8.5310	0.063722	supercritical
79.000	1.2000	7.1675	0.13952	250.18	417.60	15.903	3.1261	5.2282	534.52	-0.37578	8.5964	0.064242	supercritical
80.000	1.2000	7.0791	0.14126	253.31	422.83	15.969	3.1261	5.2273	537.75	-0.38104	8.6616	0.064761	supercritical
81.000	1.2000	6.9930	0.14300	256.45	428.05	16.034	3.1260	5.2263	540.97	-0.38616	8.7264	0.065279	supercritical
82.000	1.2000	6.9089	0.14474	259.59	433.28	16.098	3.1259	5.2255	544.16	-0.39115	8.7911	0.065794	supercritical
83.000	1.2000	6.8268	0.14648	262.73	438.50	16.162	3.1258	5.2246	547.34	-0.39602	8.8555	0.066308	supercritical
84.000	1.2000	6.7467	0.14822	265.86	443.73	16.224	3.1257	5.2238	550.50	-0.40076	8.9196	0.066821	supercritical
85.000	1.2000	6.6684	0.14996	269.00	448.95	16.286	3.1256	5.2230	553.64	-0.40539	8.9836	0.067332	supercritical
86.000	1.2000	6.5920	0.15170	272.13	454.17	16.347	3.1255	5.2223	556.76	-0.40990	9.0473	0.067841	supercritical
87.000	1.2000	6.5173	0.15344	275.27	459.40	16.407	3.1254	5.2216	559.86	-0.41430	9.1107	0.068349	supercritical
88.000	1.2000	6.4442	0.15518	278.40	464.62	16.467	3.1254	5.2209	562.95	-0.41860	9.1740	0.068856	supercritical
89.000	1.2000	6.3728	0.15692	281.54	469.84	16.526	3.1253	5.2202	566.01	-0.42279	9.2370	0.069361	supercritical
90.000	1.2000	6.3030	0.15865	284.67	475.06	16.584	3.1252	5.2195	569.06	-0.42688	9.2999	0.069864	supercritical
91.000	1.2000	6.2347	0.16039	287.81	480.28	16.642	3.1251	5.2189	572.10	-0.43088	9.3625	0.070366	supercritical
92.000	1.2000	6.1679	0.16213	290.94	485.50	16.699	3.1250	5.2183	575.12	-0.43478	9.4249	0.070867	supercritical
93.000	1.2000	6.1025	0.16387	294.07	490.71	16.755	3.1250	5.2177	578.12	-0.43859	9.4871	0.071366	supercritical
94.000	1.2000	6.0385	0.16560	297.21	495.93	16.811	3.1249	5.2171	581.11	-0.44231	9.5491	0.071863	supercritical
95.000	1.2000	5.9758	0.16734	300.34	501.15	16.866	3.1248	5.2165	584.08	-0.44594	9.6110	0.072360	supercritical
96.000	1.2000	5.9144	0.16908	303.47	506.36	16.921	3.1247	5.2160	587.03	-0.44950	9.6726	0.072855	supercritical
97.000	1.2000	5.8543	0.17082	306.60	511.58	16.975	3.1247	5.2155	589.98	-0.45297	9.7341	0.073348	supercritical
98.000	1.2000	5.7954	0.17255	309.73	516.80	17.029	3.1246	5.2149	592.90	-0.45637	9.7953	0.073841	supercritical
99.000	1.2000	5.7376	0.17429	312.86	522.01	17.082	3.1245	5.2144	595.81	-0.45969	9.8564	0.074332	supercritical
100.00	1.2000	5.6810	0.17602	315.99	527.22	17.134	3.1244	5.2140	598.71	-0.46293	9.9173	0.074821	supercritical
101.00	1.2000	5.6255	0.17776	319.13	532.44	17.186	3.1244	5.2135	601.59	-0.46611	9.9585	0.075310	supercritical
102.00	1.2000	5.5711	0.17950	322.26	537.65	17.237	3.1243	5.2130	604.46	-0.46921	9.9996	0.075797	supercritical
103.00	1.2000	5.5178	0.18123	325.39	542.86	17.288	3.1242	5.2126	607.32	-0.47225	10.041	0.076282	supercritical
104.00	1.2000	5.4655	0.18297	328.52	548.08	17.338	3.1242	5.2122	610.16	-0.47522	10.082	0.076767	supercritical
105.00	1.2000	5.4141	0.18470	331.64	553.29	17.388	3.1241	5.2118	612.99	-0.47813	10.123	0.077250	supercritical
106.00	1.2000	5.3637	0.18644	334.77	558.50	17.438	3.1240	5.2114	615.80	-0.48097	10.164	0.077732	supercritical
107.00	1.2000	5.3142	0.18817	337.90	563.71	17.487	3.1240	5.2110	618.61	-0.48376	10.205	0.078213	supercritical
108.00	1.2000	5.2657	0.18991	341.03	568.92	17.535	3.1239	5.2106	621.40	-0.48649	10.246	0.078693	supercritical
109.00	1.2000	5.2180	0.19164	344.16	574.13	17.583	3.1239	5.2102	624.17	-0.48916	10.287	0.079171	supercritical
110.00	1.2000	5.1712	0.19338	347.29	579.34	17.631	3.1238	5.2098	626.94	-0.49177	10.328	0.079648	supercritical
111.00	1.2000	5.1252	0.19511	350.42	584.55	17.678	3.1237	5.2095	629.69	-0.49433	10.388	0.080124	supercritical
112.00	1.2000	5.0801	0.19685	353.54	589.76	17.725	3.1237	5.2092	632.43	-0.49684	10.447	0.080599	supercritical
113.00	1.2000	5.0357	0.19858	356.67	594.97	17.771	3.1236	5.2088	635.16	-0.49930	10.507	0.081073	supercritical
114.00	1.2000	4.9921	0.20032	359.80	600.18	17.817	3.1236	5.2085	637.87	-0.50170	10.566	0.081546	supercritical
115.00	1.2000	4.9493	0.20205	362.93	605.39	17.862	3.1235	5.2082	640.58	-0.50406	10.625	0.082017	supercritical
116.00	1.2000	4.9072	0.20378	366.05	610.60	17.907	3.1234	5.2079	643.27	-0.50637	10.684	0.082488	supercritical
117.00	1.2000	4.8658	0.20552	369.18	615.80	17.952	3.1234	5.2076	645.95	-0.50864	10.743	0.082957	supercritical
118.00	1.2000	4.8250	0.20725	372.31	621.01	17.996	3.1233	5.2073	648.62	-0.51086	10.802	0.083425	supercritical
119.00	1.2000	4.7850	0.20899	375.43	626.22	18.040	3.1233	5.2070	651.28	-0.51303	10.860	0.083892	supercritical
120.00	1.2000	4.7456	0.21072	378.56	631.42	18.084	3.1232	5.2067	653.93	-0.51516	10.918	0.084358	supercritical
121.00	1.2000	4.7069	0.21245	381.69	636.63	18.127	3.1232	5.2065	656.57	-0.51725	10.977	0.084823	supercritical
122.00	1.2000	4.6688	0.21419	384.81	641.84	18.170	3.1231	5.2062	659.20	-0.51930	11.035	0.085287	supercritical
123.00	1.2000	4.6313	0.21592	387.94	647.04	18.212	3.1231	5.2059	661.82	-0.52131	11.093	0.085750	supercritical
124.00	1.2000	4.5945	0.21765	391.07	652.25	18.255	3.1230	5.2057	664.42	-0.52328	11.150	0.086212	supercritical
125.00	1.2000	4.5582	0.21939	394.19	657.45	18.296	3.1230	5.2054	667.02	-0.52522	11.208	0.086673	supercritical
126.00	1.2000	4.5224	0.22112	397.32	662.66	18.338	3.1229	5.2052	669.60	-0.52711	11.266	0.087133	supercritical
127.00	1.2000	4.4873	0.22285	400.44	667.87	18.379	3.1229	5.2050	672.18	-0.52897	11.323	0.087592	supercritical
128.00	1.2000	4.4526	0.22459	403.57	673.07	18.420	3.1228	5.2047	674.75	-0.53080	11.380	0.088050	supercritical
129.00	1.2000	4.4185	0.22632	406.69	678.27	18.460	3.1228	5.2045	677.30	-0.53259	11.437	0.088506	supercritical
130.00	1.2000	4.3850	0.22805	409.82	683.48	18.501	3.1227	5.2043	679.85	-0.53434	11.494	0.088962	supercritical
131.00	1.2000	4.3519	0.22978	412.94	688.68	18.540	3.1227	5.2041	682.39	-0.53607	11.551	0.089417	supercritical
132.00	1.2000	4.3193	0.23152	416.07	693.89	18.580	3.1226	5.2039	684.91	-0.53776	11.608	0.089871	supercritical
133.00	1.2000	4.2872	0.23325	419.19	699.09	18.619	3.1226	5.2037	687.43	-0.53942	11.664	0.090324	supercritical
134.00	1.2000	4.2556	0.23498	422.32	704.29	18.658	3.1225	5.2035	689.94	-0.54104	11.721	0.090776	supercritical
135.00	1.2000	4.2245	0.23672	425.44	709.50	18.697	3.1225	5.2033	692.44	-0.54264	11.777	0.091227	supercritical
136.00	1.2000	4.1938	0.23845	428.56	714.70	18.735	3.1224	5.2031	694.93	-0.54421	11.833	0.091678	supercritical
137.00	1.2000	4.1635	0.24018	431.69	719.90	18.773	3.1224	5.2029	697.42	-0.54575	11.889	0.092127	supercritical
138.00	1.2000	4.1337	0.24191	434.81	725.11	18.811	3.1223	5.2027	699.89	-0.54727	11.945	0.092575	supercritical
139.00	1.2000	4.1043	0.24364	437.94	730.31	18.849	3.1223	5.2026	702.35	-0.54875	12.001	0.093023	supercritical
140.00	1.2000	4.0754	0.24538	441.06	735.51	18.886	3.1223	5.2024	704.81	-0.55021	12.057	0.093469	supercritical
141.00	1.2000	4.0468	0.24711	444.18	740.71	18.923	3.1222	5.2022	707.26	-0.55164	12.112	0.093915	supercritical
142.00	1.2000	4.0186	0.24884	447.31	745.92	18.960	3.1222	5.2021	709.69	-0.55305	12.168	0.094360	supercritical
143.00	1.2000	3.9908	0.25057	450.43	751.12	18.996	3.1221	5.2019	712.13	-0.55443	12.223	0.094804	supercritical
144.00	1.2000	3.9634	0.25231	453.55	756.32	19.033	3.1221	5.2017	714.55	-0.55578	12.279	0.095247	supercritical
145.00	1.2000	3.9364	0.25404	456.68	761.52	19.069	3.1221	5.2016	716.96	-0.55711	12.334	0.095689	supercritical
146.00	1.2000	3.9098	0.25577	459.80	766.72	19.104	3.1220	5.2014	719.37	-0.55842	12.389	0.096131	supercritical
147.00	1.2000	3.8835	0.25750	462.92	771.92	19.140	3.1220	5.2013	721.76	-0.55971	12.444	0.096571	supercritical
148.00	1.2000	3.8575	0.25923	466.05	777.13	19.175	3.1219	5.2011	724.15	-0.56097	12.499	0.097011	supercritical
149.00	1.2000	3.8319	0.26097	469.17	782.33	19.210	3.1219	5.2010	726.54	-0.56221	12.553	0.097450	supercritical
150.00	1.2000	3.8067	0.26270	472.29	787.53	19.245	3.1219	5.2009	728.91	-0.56343	12.608	0.097888	supercritical
151.00	1.2000	3.7817	0.26443	475.41	792.73	19.280	3.1218	5.2007	731.28	-0.56462	12.663	0.098325	supercritical
152.00	1.2000	3.7571	0.26616	478.54	797.93	19.314	3.1218	5.2006	733.64	-0.56580	12.717	0.098761	supercritical
153.00	1.2000	3.7328	0.26789	481.66	803.13	19.348	3.1217	5.2005	735.99	-0.56696	12.771	0.099197	supercritical
154.00	1.2000	3.7089	0.26962	484.78	808.33	19.382	3.1217	5.2003	738.33	-0.56809	12.825	0.099632	supercritical
155.00	1.2000	3.6852	0.27136	487.90	813.53	19.416	3.1217	5.2002	740.67	-0.56921	12.880	0.10007	supercritical
156.00	1.2000	3.6618	0.27309	491.03	818.73	19.449	3.1216	5.2001	742.99	-0.57030	12.934	0.10050	supercritical
157.00	1.2000	3.6388	0.27482	494.15	823.93	19.482	3.1216	5.2000	745.32	-0.57138	12.988	0.10093	supercritical
158.00	1.2000	3.6160	0.27655	497.27	829.13	19.515	3.1216	5.1998	747.63	-0.57244	13.041	0.10136	supercritical
159.00	1.2000	3.5935	0.27828	500.39	834.33	19.548	3.1215	5.1997	749.94	-0.57348	13.095	0.10179	supercritical
160.00	1.2000	3.5713	0.28001	503.51	839.53	19.581	3.1215	5.1996	752.24	-0.57450	13.149	0.10222	supercritical
161.00	1.2000	3.5493	0.28174	506.64	844.73	19.613	3.1215	5.1995	754.53	-0.57551	13.202	0.10265	supercritical
162.00	1.2000	3.5276	0.28348	509.76	849.93	19.645	3.1214	5.1994	756.82	-0.57650	13.256	0.10308	supercritical
163.00	1.2000	3.5062	0.28521	512.88	855.13	19.677	3.1214	5.1993	759.10	-0.57747	13.309	0.10351	supercritical
164.00	1.2000	3.4851	0.28694	516.00	860.33	19.709	3.1214	5.1992	761.37	-0.57843	13.362	0.10394	supercritical
165.00	1.2000	3.4642	0.28867	519.12	865.53	19.741	3.1213	5.1991	763.63	-0.57936	13.415	0.10436	supercritical
166.00	1.2000	3.4435	0.29040	522.24	870.73	19.772	3.1213	5.1990	765.89	-0.58029	13.468	0.10479	supercritical
167.00	1.2000	3.4231	0.29213	525.37	875.92	19.803	3.1213	5.1989	768.14	-0.58120	13.521	0.10521	supercritical
168.00	1.2000	3.4029	0.29386	528.49	881.12	19.834	3.1212	5.1988	770.39	-0.58209	13.574	0.10564	supercritical
169.00	1.2000	3.3830	0.29559	531.61	886.32	19.865	3.1212	5.1987	772.63	-0.58297	13.627	0.10606	supercritical
170.00	1.2000	3.3633	0.29733	534.73	891.52	19.896	3.1212	5.1986	774.86	-0.58383	13.680	0.10649	supercritical
171.00	1.2000	3.3438	0.29906	537.85	896.72	19.926	3.1212	5.1985	777.09	-0.58468	13.732	0.10691	supercritical
172.00	1.2000	3.3246	0.30079	540.97	901.92	19.957	3.1211	5.1984	779.31	-0.58551	13.785	0.10733	supercritical
173.00	1.2000	3.3056	0.30252	544.09	907.12	19.987	3.1211	5.1983	781.52	-0.58633	13.837	0.10775	supercritical
174.00	1.2000	3.2868	0.30425	547.21	912.31	20.017	3.1211	5.1982	783.73	-0.58714	13.890	0.10817	supercritical
175.00	1.2000	3.2682	0.30598	550.34	917.51	20.047	3.1210	5.1981	785.93	-0.58793	13.942	0.10859	supercritical
176.00	1.2000	3.2498	0.30771	553.46	922.71	20.076	3.1210	5.1981	788.12	-0.58871	13.994	0.10901	supercritical
177.00	1.2000	3.2316	0.30944	556.58	927.91	20.106	3.1210	5.1980	790.31	-0.58948	14.046	0.10943	supercritical
178.00	1.2000	3.2136	0.31117	559.70	933.11	20.135	3.1209	5.1979	792.50	-0.59023	14.098	0.10984	supercritical
179.00	1.2000	3.1959	0.31290	562.82	938.30	20.164	3.1209	5.1978	794.67	-0.59097	14.150	0.11026	supercritical
180.00	1.2000	3.1783	0.31464	565.94	943.50	20.193	3.1209	5.1977	796.84	-0.59170	14.202	0.11068	supercritical
181.00	1.2000	3.1609	0.31637	569.06	948.70	20.222	3.1209	5.1977	799.01	-0.59242	14.254	0.11109	supercritical
182.00	1.2000	3.1437	0.31810	572.18	953.90	20.250	3.1208	5.1976	801.17	-0.59312	14.306	0.11151	supercritical
183.00	1.2000	3.1267	0.31983	575.30	959.10	20.279	3.1208	5.1975	803.32	-0.59382	14.357	0.11192	supercritical
184.00	1.2000	3.1098	0.32156	578.42	964.29	20.307	3.1208	5.1974	805.47	-0.59450	14.409	0.11233	supercritical
185.00	1.2000	3.0932	0.32329	581.54	969.49	20.335	3.1208	5.1974	807.61	-0.59517	14.460	0.11275	supercritical
186.00	1.2000	3.0767	0.32502	584.66	974.69	20.363	3.1207	5.1973	809.74	-0.59583	14.512	0.11316	supercritical
187.00	1.2000	3.0604	0.32675	587.78	979.88	20.391	3.1207	5.1972	811.87	-0.59648	14.563	0.11357	supercritical
188.00	1.2000	3.0443	0.32848	590.90	985.08	20.419	3.1207	5.1972	814.00	-0.59712	14.614	0.11398	supercritical
189.00	1.2000	3.0284	0.33021	594.02	990.28	20.447	3.1207	5.1971	816.12	-0.59774	14.666	0.11439	supercritical
190.00	1.2000	3.0126	0.33194	597.14	995.48	20.474	3.1206	5.1970	818.23	-0.59836	14.717	0.11480	supercritical
191.00	1.2000	2.9969	0.33367	600.26	1000.7	20.501	3.1206	5.1970	820.34	-0.59897	14.768	0.11521	supercritical
192.00	1.2000	2.9815	0.33540	603.38	1005.9	20.528	3.1206	5.1969	822.44	-0.59956	14.819	0.11562	supercritical
193.00	1.2000	2.9662	0.33714	606.50	1011.1	20.555	3.1206	5.1968	824.54	-0.60015	14.869	0.11603	supercritical
194.00	1.2000	2.9510	0.33887	609.62	1016.3	20.582	3.1205	5.1968	826.63	-0.60073	14.920	0.11643	supercritical
195.00	1.2000	2.9360	0.34060	612.74	1021.5	20.609	3.1205	5.1967	828.72	-0.60130	14.971	0.11684	supercritical
196.00	1.2000	2.9212	0.34233	615.86	1026.7	20.636	3.1205	5.1967	830.80	-0.60186	15.022	0.11725	supercritical
197.00	1.2000	2.9065	0.34406	618.98	1031.9	20.662	3.1205	5.1966	832.88	-0.60241	15.072	0.11765	supercritical
198.00	1.2000	2.8919	0.34579	622.10	1037.1	20.688	3.1204	5.1965	834.95	-0.60295	15.123	0.11806	supercritical
199.00	1.2000	2.8775	0.34752	625.22	1042.2	20.714	3.1204	5.1965	837.02	-0.60348	15.173	0.11846	supercritical
200.00	1.2000	2.8633	0.34925	628.34	1047.4	20.741	3.1204	5.1964	839.08	-0.60400	15.224	0.11886	supercritical
201.00	1.2000	2.8492	0.35098	631.46	1052.6	20.766	3.1204	5.1964	841.13	-0.60452	15.274	0.11927	supercritical
202.00	1.2000	2.8352	0.35271	634.58	1057.8	20.792	3.1203	5.1963	843.19	-0.60502	15.324	0.11967	supercritical
203.00	1.2000	2.8213	0.35444	637.70	1063.0	20.818	3.1203	5.1963	845.23	-0.60552	15.374	0.12007	supercritical
204.00	1.2000	2.8076	0.35617	640.82	1068.2	20.843	3.1203	5.1962	847.27	-0.60601	15.424	0.12047	supercritical
205.00	1.2000	2.7941	0.35790	643.94	1073.4	20.869	3.1203	5.1962	849.31	-0.60649	15.474	0.12087	supercritical
206.00	1.2000	2.7806	0.35963	647.06	1078.6	20.894	3.1203	5.1961	851.34	-0.60696	15.524	0.12127	supercritical
207.00	1.2000	2.7673	0.36136	650.18	1083.8	20.919	3.1202	5.1961	853.37	-0.60743	15.574	0.12167	supercritical
208.00	1.2000	2.7541	0.36309	653.30	1089.0	20.944	3.1202	5.1960	855.39	-0.60789	15.624	0.12207	supercritical
209.00	1.2000	2.7410	0.36482	656.42	1094.2	20.969	3.1202	5.1960	857.41	-0.60834	15.674	0.12247	supercritical
210.00	1.2000	2.7281	0.36655	659.54	1099.4	20.994	3.1202	5.1959	859.42	-0.60878	15.723	0.12287	supercritical
211.00	1.2000	2.7153	0.36829	662.66	1104.6	21.019	3.1201	5.1959	861.43	-0.60922	15.773	0.12327	supercritical
212.00	1.2000	2.7026	0.37002	665.78	1109.8	21.043	3.1201	5.1958	863.43	-0.60965	15.823	0.12366	supercritical
213.00	1.2000	2.6900	0.37175	668.90	1115.0	21.068	3.1201	5.1958	865.43	-0.61007	15.872	0.12406	supercritical
214.00	1.2000	2.6775	0.37348	672.02	1120.2	21.092	3.1201	5.1957	867.42	-0.61048	15.921	0.12446	supercritical
215.00	1.2000	2.6652	0.37521	675.14	1125.4	21.116	3.1201	5.1957	869.41	-0.61089	15.971	0.12485	supercritical
216.00	1.2000	2.6530	0.37694	678.26	1130.6	21.140	3.1200	5.1957	871.39	-0.61129	16.020	0.12525	supercritical
217.00	1.2000	2.6408	0.37867	681.37	1135.8	21.164	3.1200	5.1956	873.37	-0.61168	16.069	0.12564	supercritical
218.00	1.2000	2.6288	0.38040	684.49	1141.0	21.188	3.1200	5.1956	875.35	-0.61207	16.119	0.12603	supercritical
219.00	1.2000	2.6169	0.38213	687.61	1146.2	21.212	3.1200	5.1955	877.32	-0.61245	16.168	0.12643	supercritical
220.00	1.2000	2.6051	0.38386	690.73	1151.4	21.236	3.1200	5.1955	879.29	-0.61283	16.217	0.12682	supercritical
221.00	1.2000	2.5934	0.38559	693.85	1156.6	21.259	3.1200	5.1955	881.25	-0.61319	16.266	0.12721	supercritical
222.00	1.2000	2.5818	0.38732	696.97	1161.8	21.283	3.1199	5.1954	883.21	-0.61356	16.315	0.12760	supercritical
223.00	1.2000	2.5704	0.38905	700.09	1166.9	21.306	3.1199	5.1954	885.16	-0.61391	16.364	0.12800	supercritical
224.00	1.2000	2.5590	0.39078	703.21	1172.1	21.329	3.1199	5.1953	887.11	-0.61426	16.412	0.12839	supercritical
225.00	1.2000	2.5477	0.39251	706.33	1177.3	21.353	3.1199	5.1953	889.06	-0.61461	16.461	0.12878	supercritical
226.00	1.2000	2.5365	0.39424	709.45	1182.5	21.376	3.1199	5.1953	891.00	-0.61494	16.510	0.12917	supercritical
227.00	1.2000	2.5254	0.39597	712.56	1187.7	21.398	3.1198	5.1952	892.93	-0.61528	16.558	0.12956	supercritical
228.00	1.2000	2.5145	0.39770	715.68	1192.9	21.421	3.1198	5.1952	894.87	-0.61560	16.607	0.12994	supercritical
229.00	1.2000	2.5036	0.39943	718.80	1198.1	21.444	3.1198	5.1952	896.80	-0.61592	16.655	0.13033	supercritical
230.00	1.2000	2.4928	0.40116	721.92	1203.3	21.467	3.1198	5.1951	898.72	-0.61624	16.704	0.13072	supercritical
231.00	1.2000	2.4821	0.40289	725.04	1208.5	21.489	3.1198	5.1951	900.64	-0.61655	16.752	0.13111	supercritical
232.00	1.2000	2.4714	0.40462	728.16	1213.7	21.512	3.1197	5.1951	902.56	-0.61685	16.801	0.13150	supercritical
233.00	1.2000	2.4609	0.40635	731.28	1218.9	21.534	3.1197	5.1950	904.47	-0.61715	16.849	0.13188	supercritical
234.00	1.2000	2.4505	0.40808	734.40	1224.1	21.556	3.1197	5.1950	906.38	-0.61745	16.897	0.13227	supercritical
235.00	1.2000	2.4401	0.40981	737.51	1229.3	21.578	3.1197	5.1950	908.28	-0.61774	16.945	0.13265	supercritical
236.00	1.2000	2.4299	0.41154	740.63	1234.5	21.600	3.1197	5.1949	910.18	-0.61802	16.993	0.13304	supercritical
237.00	1.2000	2.4197	0.41327	743.75	1239.7	21.622	3.1197	5.1949	912.08	-0.61830	17.041	0.13342	supercritical
238.00	1.2000	2.4096	0.41500	746.87	1244.9	21.644	3.1196	5.1949	913.97	-0.61857	17.089	0.13381	supercritical
239.00	1.2000	2.3996	0.41673	749.99	1250.1	21.666	3.1196	5.1948	915.86	-0.61884	17.137	0.13419	supercritical
240.00	1.2000	2.3897	0.41846	753.11	1255.3	21.688	3.1196	5.1948	917.74	-0.61911	17.185	0.13457	supercritical
241.00	1.2000	2.3799	0.42019	756.23	1260.5	21.709	3.1196	5.1948	919.62	-0.61937	17.233	0.13496	supercritical
242.00	1.2000	2.3701	0.42192	759.35	1265.7	21.731	3.1196	5.1947	921.50	-0.61962	17.281	0.13534	supercritical
243.00	1.2000	2.3604	0.42365	762.46	1270.8	21.752	3.1196	5.1947	923.37	-0.61987	17.329	0.13572	supercritical
244.00	1.2000	2.3508	0.42538	765.58	1276.0	21.774	3.1196	5.1947	925.24	-0.62012	17.376	0.13610	supercritical
245.00	1.2000	2.3413	0.42711	768.70	1281.2	21.795	3.1195	5.1947	927.10	-0.62036	17.424	0.13648	supercritical
246.00	1.2000	2.3318	0.42884	771.82	1286.4	21.816	3.1195	5.1946	928.97	-0.62060	17.471	0.13686	supercritical
247.00	1.2000	2.3225	0.43058	774.94	1291.6	21.837	3.1195	5.1946	930.82	-0.62083	17.519	0.13724	supercritical
248.00	1.2000	2.3132	0.43231	778.06	1296.8	21.858	3.1195	5.1946	932.68	-0.62106	17.566	0.13762	supercritical
249.00	1.2000	2.3040	0.43404	781.17	1302.0	21.879	3.1195	5.1946	934.53	-0.62129	17.614	0.13800	supercritical
250.00	1.2000	2.2948	0.43577	784.29	1307.2	21.900	3.1195	5.1945	936.38	-0.62151	17.661	0.13838	supercritical
251.00	1.2000	2.2857	0.43750	787.41	1312.4	21.921	3.1194	5.1945	938.22	-0.62172	17.709	0.13876	supercritical
252.00	1.2000	2.2767	0.43923	790.53	1317.6	21.941	3.1194	5.1945	940.06	-0.62194	17.756	0.13913	supercritical
253.00	1.2000	2.2678	0.44096	793.65	1322.8	21.962	3.1194	5.1945	941.89	-0.62215	17.803	0.13951	supercritical
254.00	1.2000	2.2589	0.44269	796.77	1328.0	21.982	3.1194	5.1944	943.73	-0.62235	17.850	0.13989	supercritical
255.00	1.2000	2.2501	0.44442	799.88	1333.2	22.003	3.1194	5.1944	945.55	-0.62255	17.897	0.14026	supercritical
256.00	1.2000	2.2414	0.44615	803.00	1338.4	22.023	3.1194	5.1944	947.38	-0.62275	17.944	0.14064	supercritical
257.00	1.2000	2.2328	0.44788	806.12	1343.6	22.043	3.1194	5.1944	949.20	-0.62294	17.991	0.14102	supercritical
258.00	1.2000	2.2242	0.44961	809.24	1348.8	22.063	3.1193	5.1943	951.02	-0.62313	18.038	0.14139	supercritical
259.00	1.2000	2.2156	0.45134	812.36	1354.0	22.084	3.1193	5.1943	952.84	-0.62332	18.085	0.14177	supercritical
260.00	1.2000	2.2072	0.45307	815.48	1359.2	22.104	3.1193	5.1943	954.65	-0.62350	18.132	0.14214	supercritical
261.00	1.2000	2.1988	0.45480	818.59	1364.3	22.124	3.1193	5.1943	956.45	-0.62368	18.179	0.14251	supercritical
262.00	1.2000	2.1905	0.45653	821.71	1369.5	22.143	3.1193	5.1942	958.26	-0.62385	18.225	0.14289	supercritical
263.00	1.2000	2.1822	0.45826	824.83	1374.7	22.163	3.1193	5.1942	960.06	-0.62402	18.272	0.14326	supercritical
264.00	1.2000	2.1740	0.45999	827.95	1379.9	22.183	3.1193	5.1942	961.86	-0.62419	18.319	0.14363	supercritical
265.00	1.2000	2.1658	0.46172	831.07	1385.1	22.203	3.1192	5.1942	963.65	-0.62436	18.365	0.14400	supercritical
266.00	1.2000	2.1577	0.46345	834.18	1390.3	22.222	3.1192	5.1942	965.44	-0.62452	18.412	0.14438	supercritical
267.00	1.2000	2.1497	0.46518	837.30	1395.5	22.242	3.1192	5.1941	967.23	-0.62468	18.459	0.14475	supercritical
268.00	1.2000	2.1418	0.46691	840.42	1400.7	22.261	3.1192	5.1941	969.02	-0.62483	18.505	0.14512	supercritical
269.00	1.2000	2.1338	0.46864	843.54	1405.9	22.280	3.1192	5.1941	970.80	-0.62498	18.551	0.14549	supercritical
270.00	1.2000	2.1260	0.47037	846.66	1411.1	22.300	3.1192	5.1941	972.58	-0.62513	18.598	0.14586	supercritical
271.00	1.2000	2.1182	0.47210	849.77	1416.3	22.319	3.1192	5.1941	974.35	-0.62528	18.644	0.14623	supercritical
272.00	1.2000	2.1105	0.47383	852.89	1421.5	22.338	3.1191	5.1940	976.12	-0.62542	18.690	0.14660	supercritical
273.00	1.2000	2.1028	0.47556	856.01	1426.7	22.357	3.1191	5.1940	977.89	-0.62556	18.737	0.14697	supercritical
274.00	1.2000	2.0952	0.47729	859.13	1431.9	22.376	3.1191	5.1940	979.66	-0.62570	18.783	0.14734	supercritical
275.00	1.2000	2.0876	0.47902	862.25	1437.1	22.395	3.1191	5.1940	981.42	-0.62583	18.829	0.14771	supercritical
276.00	1.2000	2.0801	0.48075	865.36	1442.3	22.414	3.1191	5.1940	983.18	-0.62596	18.875	0.14807	supercritical
277.00	1.2000	2.0726	0.48248	868.48	1447.5	22.433	3.1191	5.1939	984.93	-0.62609	18.921	0.14844	supercritical
278.00	1.2000	2.0652	0.48421	871.60	1452.6	22.451	3.1191	5.1939	986.69	-0.62621	18.967	0.14881	supercritical
279.00	1.2000	2.0579	0.48594	874.72	1457.8	22.470	3.1191	5.1939	988.43	-0.62633	19.013	0.14917	supercritical
280.00	1.2000	2.0506	0.48767	877.84	1463.0	22.489	3.1190	5.1939	990.18	-0.62645	19.059	0.14954	supercritical
281.00	1.2000	2.0433	0.48940	880.95	1468.2	22.507	3.1190	5.1939	991.92	-0.62657	19.105	0.14991	supercritical
282.00	1.2000	2.0361	0.49113	884.07	1473.4	22.525	3.1190	5.1939	993.66	-0.62668	19.150	0.15027	supercritical
283.00	1.2000	2.0290	0.49286	887.19	1478.6	22.544	3.1190	5.1938	995.40	-0.62680	19.196	0.15064	supercritical
284.00	1.2000	2.0219	0.49459	890.31	1483.8	22.562	3.1190	5.1938	997.14	-0.62690	19.242	0.15100	supercritical
285.00	1.2000	2.0148	0.49632	893.42	1489.0	22.580	3.1190	5.1938	998.87	-0.62701	19.288	0.15137	supercritical
286.00	1.2000	2.0078	0.49805	896.54	1494.2	22.599	3.1190	5.1938	1000.6	-0.62711	19.333	0.15173	supercritical
287.00	1.2000	2.0009	0.49978	899.66	1499.4	22.617	3.1190	5.1938	1002.3	-0.62721	19.379	0.15209	supercritical
288.00	1.2000	1.9940	0.50151	902.78	1504.6	22.635	3.1190	5.1938	1004.0	-0.62731	19.424	0.15246	supercritical
289.00	1.2000	1.9871	0.50324	905.89	1509.8	22.653	3.1189	5.1937	1005.8	-0.62741	19.470	0.15282	supercritical
290.00	1.2000	1.9803	0.50497	909.01	1515.0	22.671	3.1189	5.1937	1007.5	-0.62750	19.515	0.15318	supercritical
291.00	1.2000	1.9736	0.50670	912.13	1520.2	22.689	3.1189	5.1937	1009.2	-0.62759	19.561	0.15355	supercritical
292.00	1.2000	1.9668	0.50843	915.25	1525.4	22.706	3.1189	5.1937	1010.9	-0.62768	19.606	0.15391	supercritical
293.00	1.2000	1.9602	0.51016	918.37	1530.6	22.724	3.1189	5.1937	1012.6	-0.62777	19.652	0.15427	supercritical
294.00	1.2000	1.9535	0.51189	921.48	1535.8	22.742	3.1189	5.1937	1014.3	-0.62785	19.697	0.15463	supercritical
295.00	1.2000	1.9470	0.51362	924.60	1540.9	22.760	3.1189	5.1937	1016.0	-0.62793	19.742	0.15499	supercritical
296.00	1.2000	1.9404	0.51535	927.72	1546.1	22.777	3.1189	5.1936	1017.7	-0.62801	19.787	0.15535	supercritical
297.00	1.2000	1.9339	0.51708	930.84	1551.3	22.795	3.1189	5.1936	1019.4	-0.62809	19.832	0.15571	supercritical
298.00	1.2000	1.9275	0.51881	933.95	1556.5	22.812	3.1188	5.1936	1021.1	-0.62816	19.878	0.15607	supercritical
299.00	1.2000	1.9211	0.52054	937.07	1561.7	22.829	3.1188	5.1936	1022.8	-0.62824	19.923	0.15643	supercritical
300.00	1.2000	1.9147	0.52227	940.19	1566.9	22.847	3.1188	5.1936	1024.5	-0.62831	19.968	0.15679	supercritical
301.00	1.2000	1.9084	0.52400	943.31	1572.1	22.864	3.1188	5.1936	1026.2	-0.62837	20.013	0.15715	supercritical
302.00	1.2000	1.9021	0.52573	946.42	1577.3	22.881	3.1188	5.1936	1027.9	-0.62844	20.058	0.15751	supercritical
303.00	1.2000	1.8959	0.52746	949.54	1582.5	22.899	3.1188	5.1936	1029.5	-0.62850	20.104	0.15786	supercritical
304.00	1.2000	1.8897	0.52919	952.66	1587.7	22.916	3.1188	5.1935	1031.2	-0.62857	20.149	0.15822	supercritical
305.00	1.2000	1.8835	0.53092	955.78	1592.9	22.933	3.1188	5.1935	1032.9	-0.62863	20.194	0.15858	supercritical
306.00	1.2000	1.8774	0.53265	958.89	1598.1	22.950	3.1188	5.1935	1034.6	-0.62868	20.239	0.15894	supercritical
307.00	1.2000	1.8713	0.53438	962.01	1603.3	22.967	3.1187	5.1935	1036.2	-0.62874	20.284	0.15929	supercritical
308.00	1.2000	1.8653	0.53611	965.13	1608.5	22.984	3.1187	5.1935	1037.9	-0.62880	20.329	0.15965	supercritical
309.00	1.2000	1.8593	0.53784	968.25	1613.7	23.000	3.1187	5.1935	1039.6	-0.62885	20.374	0.16000	supercritical
310.00	1.2000	1.8533	0.53957	971.36	1618.8	23.017	3.1187	5.1935	1041.2	-0.62890	20.419	0.16036	supercritical
311.00	1.2000	1.8474	0.54130	974.48	1624.0	23.034	3.1187	5.1935	1042.9	-0.62895	20.464	0.16072	supercritical
312.00	1.2000	1.8415	0.54303	977.60	1629.2	23.051	3.1187	5.1934	1044.5	-0.62899	20.509	0.16107	supercritical
313.00	1.2000	1.8357	0.54476	980.72	1634.4	23.067	3.1187	5.1934	1046.2	-0.62904	20.554	0.16143	supercritical
314.00	1.2000	1.8299	0.54649	983.83	1639.6	23.084	3.1187	5.1934	1047.8	-0.62908	20.598	0.16178	supercritical
315.00	1.2000	1.8241	0.54822	986.95	1644.8	23.100	3.1187	5.1934	1049.5	-0.62912	20.643	0.16213	supercritical
316.00	1.2000	1.8183	0.54995	990.07	1650.0	23.117	3.1187	5.1934	1051.1	-0.62916	20.688	0.16249	supercritical
317.00	1.2000	1.8126	0.55168	993.19	1655.2	23.133	3.1186	5.1934	1052.8	-0.62920	20.733	0.16284	supercritical
318.00	1.2000	1.8070	0.55341	996.30	1660.4	23.149	3.1186	5.1934	1054.4	-0.62923	20.777	0.16319	supercritical
319.00	1.2000	1.8013	0.55514	999.42	1665.6	23.166	3.1186	5.1934	1056.0	-0.62927	20.822	0.16355	supercritical
320.00	1.2000	1.7958	0.55687	1002.5	1670.8	23.182	3.1186	5.1934	1057.7	-0.62930	20.866	0.16390	supercritical