Temperature (K)	Pressure (MPa)	Density (kg/m3)	Volume (m3/kg)	Internal Energy (kJ/kg)	Enthalpy (kJ/kg)	Entropy (J/g*K)	Cv (J/g*K)	Cp (J/g*K)	Sound Spd. (m/s)	Joule-Thomson (K/MPa)	Viscosity (uPa*s)	Therm. Cond. (W/m*K)	Phase
18.000	0.40000	10.828	0.092350	58.891	95.831	10.395	3.1187	5.4490	252.76	1.2036	3.4774	0.025376	supercritical
19.000	0.40000	10.222	0.097828	62.134	101.27	10.689	3.1190	5.4210	259.90	1.0973	3.5903	0.026170	supercritical
20.000	0.40000	9.6828	0.10328	65.364	106.67	10.966	3.1193	5.3975	266.81	1.0019	3.7011	0.026950	supercritical
21.000	0.40000	9.1998	0.10870	68.582	112.06	11.229	3.1196	5.3776	273.51	0.91562	3.8100	0.027720	supercritical
22.000	0.40000	8.7644	0.11410	71.791	117.43	11.479	3.1198	5.3606	280.03	0.83722	3.9171	0.028479	supercritical
23.000	0.40000	8.3696	0.11948	74.992	122.78	11.717	3.1200	5.3459	286.37	0.76563	4.0225	0.029228	supercritical
24.000	0.40000	8.0100	0.12484	78.185	128.12	11.944	3.1201	5.3331	292.55	0.69997	4.1261	0.029967	supercritical
25.000	0.40000	7.6808	0.13019	81.372	133.45	12.161	3.1203	5.3219	298.59	0.63950	4.2282	0.030698	supercritical
26.000	0.40000	7.3783	0.13553	84.554	138.77	12.370	3.1204	5.3120	304.50	0.58363	4.3288	0.031421	supercritical
27.000	0.40000	7.0993	0.14086	87.731	144.07	12.570	3.1205	5.3033	310.27	0.53184	4.4279	0.032136	supercritical
28.000	0.40000	6.8411	0.14618	90.904	149.37	12.763	3.1205	5.2955	315.93	0.48367	4.5256	0.032843	supercritical
29.000	0.40000	6.6014	0.15148	94.072	154.67	12.949	3.1206	5.2885	321.49	0.43877	4.6220	0.033544	supercritical
30.000	0.40000	6.3782	0.15678	97.238	159.95	13.128	3.1206	5.2822	326.94	0.39680	4.7171	0.034237	supercritical
31.000	0.40000	6.1699	0.16208	100.40	165.23	13.301	3.1207	5.2765	332.29	0.35748	4.8110	0.034925	supercritical
32.000	0.40000	5.9751	0.16736	103.56	170.50	13.468	3.1207	5.2714	337.55	0.32057	4.9037	0.035606	supercritical
33.000	0.40000	5.7923	0.17264	106.72	175.77	13.630	3.1207	5.2667	342.72	0.28584	4.9953	0.036281	supercritical
34.000	0.40000	5.6206	0.17792	109.87	181.04	13.788	3.1207	5.2624	347.81	0.25312	5.0858	0.036951	supercritical
35.000	0.40000	5.4589	0.18319	113.02	186.30	13.940	3.1207	5.2585	352.82	0.22223	5.1753	0.037615	supercritical
36.000	0.40000	5.3064	0.18845	116.17	191.55	14.088	3.1207	5.2549	357.76	0.19302	5.2639	0.038274	supercritical
37.000	0.40000	5.1623	0.19371	119.32	196.81	14.232	3.1207	5.2516	362.62	0.16536	5.3514	0.038928	supercritical
38.000	0.40000	5.0259	0.19897	122.47	202.06	14.372	3.1207	5.2485	367.42	0.13913	5.4381	0.039577	supercritical
39.000	0.40000	4.8966	0.20422	125.62	207.31	14.508	3.1207	5.2457	372.15	0.11422	5.5239	0.040221	supercritical
40.000	0.40000	4.7739	0.20947	128.76	212.55	14.641	3.1207	5.2431	376.82	0.090540	5.6088	0.040861	supercritical
41.000	0.40000	4.6572	0.21472	131.90	217.79	14.771	3.1206	5.2407	381.43	0.067997	5.6929	0.041497	supercritical
42.000	0.40000	4.5462	0.21996	135.05	223.03	14.897	3.1206	5.2384	385.98	0.046514	5.7763	0.042128	supercritical
43.000	0.40000	4.4404	0.22521	138.19	228.27	15.020	3.1206	5.2363	390.48	0.026019	5.8588	0.042755	supercritical
44.000	0.40000	4.3394	0.23045	141.33	233.50	15.141	3.1206	5.2344	394.92	0.0064464	5.9407	0.043378	supercritical
45.000	0.40000	4.2430	0.23568	144.46	238.74	15.258	3.1205	5.2325	399.31	-0.012263	6.0218	0.043997	supercritical
46.000	0.40000	4.1508	0.24092	147.60	243.97	15.373	3.1205	5.2308	403.65	-0.030163	6.1023	0.044612	supercritical
47.000	0.40000	4.0626	0.24615	150.74	249.20	15.486	3.1205	5.2292	407.95	-0.047305	6.1821	0.045224	supercritical
48.000	0.40000	3.9780	0.25138	153.87	254.43	15.596	3.1204	5.2277	412.20	-0.063734	6.2612	0.045832	supercritical
49.000	0.40000	3.8970	0.25661	157.01	259.65	15.703	3.1204	5.2263	416.40	-0.079492	6.3398	0.046437	supercritical
50.000	0.40000	3.8191	0.26184	160.14	264.88	15.809	3.1203	5.2249	420.56	-0.094619	6.4177	0.047038	supercritical
51.000	0.40000	3.7444	0.26706	163.28	270.10	15.912	3.1203	5.2237	424.68	-0.10915	6.4951	0.047636	supercritical
52.000	0.40000	3.6726	0.27229	166.41	275.33	16.014	3.1203	5.2225	428.75	-0.12312	6.5719	0.048230	supercritical
53.000	0.40000	3.6034	0.27751	169.54	280.55	16.113	3.1202	5.2213	432.79	-0.13656	6.6481	0.048822	supercritical
54.000	0.40000	3.5369	0.28273	172.68	285.77	16.211	3.1202	5.2203	436.79	-0.14949	6.7238	0.049410	supercritical
55.000	0.40000	3.4728	0.28796	175.81	290.99	16.307	3.1202	5.2193	440.75	-0.16195	6.7990	0.049995	supercritical
56.000	0.40000	3.4109	0.29318	178.94	296.21	16.401	3.1201	5.2183	444.68	-0.17395	6.8738	0.050578	supercritical
57.000	0.40000	3.3513	0.29839	182.07	301.43	16.493	3.1201	5.2174	448.57	-0.18553	6.9480	0.051157	supercritical
58.000	0.40000	3.2937	0.30361	185.20	306.64	16.584	3.1200	5.2166	452.42	-0.19670	7.0217	0.051734	supercritical
59.000	0.40000	3.2381	0.30883	188.33	311.86	16.673	3.1200	5.2157	456.25	-0.20748	7.0950	0.052308	supercritical
60.000	0.40000	3.1843	0.31404	191.46	317.07	16.761	3.1200	5.2150	460.04	-0.21790	7.1679	0.052879	supercritical
61.000	0.40000	3.1323	0.31926	194.59	322.29	16.847	3.1199	5.2142	463.79	-0.22796	7.2403	0.053447	supercritical
62.000	0.40000	3.0819	0.32447	197.71	327.50	16.932	3.1199	5.2135	467.52	-0.23769	7.3123	0.054013	supercritical
63.000	0.40000	3.0332	0.32968	200.84	332.72	17.015	3.1199	5.2128	471.22	-0.24710	7.3839	0.054577	supercritical
64.000	0.40000	2.9860	0.33490	203.97	337.93	17.097	3.1198	5.2122	474.89	-0.25621	7.4550	0.055137	supercritical
65.000	0.40000	2.9402	0.34011	207.10	343.14	17.178	3.1198	5.2116	478.53	-0.26502	7.5258	0.055696	supercritical
66.000	0.40000	2.8959	0.34532	210.22	348.35	17.258	3.1198	5.2110	482.14	-0.27356	7.5962	0.056252	supercritical
67.000	0.40000	2.8528	0.35053	213.35	353.56	17.336	3.1197	5.2105	485.72	-0.28183	7.6663	0.056806	supercritical
68.000	0.40000	2.8110	0.35574	216.48	358.77	17.413	3.1197	5.2099	489.28	-0.28985	7.7360	0.057357	supercritical
69.000	0.40000	2.7705	0.36095	219.60	363.98	17.489	3.1196	5.2094	492.81	-0.29762	7.8053	0.057906	supercritical
70.000	0.40000	2.7311	0.36616	222.73	369.19	17.564	3.1196	5.2089	496.32	-0.30517	7.8743	0.058453	supercritical
71.000	0.40000	2.6928	0.37136	225.85	374.40	17.638	3.1196	5.2084	499.80	-0.31248	7.9429	0.058998	supercritical
72.000	0.40000	2.6555	0.37657	228.98	379.61	17.711	3.1195	5.2080	503.26	-0.31959	8.0112	0.059540	supercritical
73.000	0.40000	2.6193	0.38178	232.11	384.82	17.783	3.1195	5.2076	506.69	-0.32648	8.0792	0.060081	supercritical
74.000	0.40000	2.5841	0.38698	235.23	390.02	17.853	3.1195	5.2071	510.10	-0.33318	8.1469	0.060619	supercritical
75.000	0.40000	2.5498	0.39219	238.35	395.23	17.923	3.1194	5.2067	513.49	-0.33969	8.2143	0.061155	supercritical
76.000	0.40000	2.5164	0.39740	241.48	400.44	17.992	3.1194	5.2064	516.85	-0.34601	8.2814	0.061690	supercritical
77.000	0.40000	2.4838	0.40260	244.60	405.64	18.060	3.1194	5.2060	520.19	-0.35216	8.3481	0.062222	supercritical
78.000	0.40000	2.4521	0.40781	247.73	410.85	18.128	3.1193	5.2056	523.52	-0.35815	8.4146	0.062752	supercritical
79.000	0.40000	2.4213	0.41301	250.85	416.05	18.194	3.1193	5.2053	526.82	-0.36396	8.4809	0.063281	supercritical
80.000	0.40000	2.3911	0.41821	253.97	421.26	18.259	3.1193	5.2050	530.09	-0.36963	8.5468	0.063807	supercritical
81.000	0.40000	2.3617	0.42342	257.10	426.46	18.324	3.1193	5.2047	533.35	-0.37514	8.6125	0.064332	supercritical
82.000	0.40000	2.3331	0.42862	260.22	431.67	18.388	3.1192	5.2043	536.59	-0.38050	8.6779	0.064855	supercritical
83.000	0.40000	2.3051	0.43382	263.34	436.87	18.451	3.1192	5.2041	539.81	-0.38572	8.7431	0.065376	supercritical
84.000	0.40000	2.2778	0.43903	266.47	442.08	18.513	3.1192	5.2038	543.01	-0.39081	8.8080	0.065896	supercritical
85.000	0.40000	2.2511	0.44423	269.59	447.28	18.575	3.1191	5.2035	546.19	-0.39577	8.8726	0.066413	supercritical
86.000	0.40000	2.2250	0.44943	272.71	452.48	18.636	3.1191	5.2032	549.35	-0.40060	8.9371	0.066929	supercritical
87.000	0.40000	2.1996	0.45463	275.84	457.69	18.696	3.1191	5.2030	552.50	-0.40531	9.0013	0.067443	supercritical
88.000	0.40000	2.1747	0.45983	278.96	462.89	18.755	3.1191	5.2027	555.62	-0.40990	9.0652	0.067956	supercritical
89.000	0.40000	2.1504	0.46503	282.08	468.09	18.814	3.1190	5.2025	558.73	-0.41438	9.1289	0.068467	supercritical
90.000	0.40000	2.1266	0.47023	285.20	473.30	18.872	3.1190	5.2023	561.82	-0.41875	9.1925	0.068976	supercritical
91.000	0.40000	2.1033	0.47543	288.32	478.50	18.930	3.1190	5.2020	564.89	-0.42301	9.2557	0.069483	supercritical
92.000	0.40000	2.0806	0.48063	291.45	483.70	18.987	3.1189	5.2018	567.95	-0.42716	9.3188	0.069989	supercritical
93.000	0.40000	2.0583	0.48583	294.57	488.90	19.043	3.1189	5.2016	570.99	-0.43122	9.3817	0.070494	supercritical
94.000	0.40000	2.0365	0.49103	297.69	494.10	19.098	3.1189	5.2014	574.02	-0.43518	9.4443	0.070997	supercritical
95.000	0.40000	2.0152	0.49623	300.81	499.30	19.153	3.1189	5.2012	577.02	-0.43905	9.5068	0.071498	supercritical
96.000	0.40000	1.9943	0.50143	303.93	504.50	19.208	3.1188	5.2010	580.02	-0.44283	9.5691	0.071998	supercritical
97.000	0.40000	1.9738	0.50663	307.05	509.71	19.262	3.1188	5.2008	582.99	-0.44651	9.6311	0.072497	supercritical
98.000	0.40000	1.9538	0.51183	310.17	514.91	19.315	3.1188	5.2007	585.96	-0.45012	9.6930	0.072994	supercritical
99.000	0.40000	1.9341	0.51703	313.30	520.11	19.368	3.1188	5.2005	588.90	-0.45364	9.7547	0.073489	supercritical
100.00	0.40000	1.9149	0.52223	316.42	525.31	19.420	3.1188	5.2003	591.84	-0.45708	9.8162	0.073983	supercritical
101.00	0.40000	1.8960	0.52743	319.54	530.51	19.472	3.1187	5.2002	594.75	-0.46044	9.8579	0.074476	supercritical
102.00	0.40000	1.8775	0.53263	322.66	535.71	19.523	3.1187	5.2000	597.66	-0.46373	9.8997	0.074967	supercritical
103.00	0.40000	1.8593	0.53782	325.78	540.91	19.574	3.1187	5.1998	600.55	-0.46694	9.9414	0.075457	supercritical
104.00	0.40000	1.8415	0.54302	328.90	546.11	19.624	3.1187	5.1997	603.42	-0.47008	9.9830	0.075946	supercritical
105.00	0.40000	1.8241	0.54822	332.02	551.31	19.674	3.1186	5.1996	606.28	-0.47315	10.025	0.076433	supercritical
106.00	0.40000	1.8070	0.55342	335.14	556.51	19.723	3.1186	5.1994	609.13	-0.47616	10.066	0.076919	supercritical
107.00	0.40000	1.7901	0.55861	338.26	561.71	19.772	3.1186	5.1993	611.97	-0.47910	10.108	0.077404	supercritical
108.00	0.40000	1.7736	0.56381	341.38	566.91	19.820	3.1186	5.1991	614.79	-0.48198	10.149	0.077887	supercritical
109.00	0.40000	1.7574	0.56901	344.50	572.10	19.868	3.1186	5.1990	617.60	-0.48479	10.191	0.078369	supercritical
110.00	0.40000	1.7415	0.57421	347.62	577.30	19.916	3.1185	5.1989	620.39	-0.48755	10.232	0.078850	supercritical
111.00	0.40000	1.7259	0.57940	350.74	582.50	19.963	3.1185	5.1988	623.18	-0.49024	10.293	0.079330	supercritical
112.00	0.40000	1.7106	0.58460	353.86	587.70	20.010	3.1185	5.1986	625.95	-0.49288	10.353	0.079808	supercritical
113.00	0.40000	1.6955	0.58980	356.98	592.90	20.056	3.1185	5.1985	628.71	-0.49547	10.413	0.080285	supercritical
114.00	0.40000	1.6807	0.59499	360.10	598.10	20.102	3.1185	5.1984	631.45	-0.49800	10.473	0.080761	supercritical
115.00	0.40000	1.6661	0.60019	363.22	603.30	20.147	3.1184	5.1983	634.19	-0.50048	10.532	0.081236	supercritical
116.00	0.40000	1.6518	0.60539	366.34	608.49	20.192	3.1184	5.1982	636.91	-0.50290	10.592	0.081709	supercritical
117.00	0.40000	1.6378	0.61058	369.46	613.69	20.237	3.1184	5.1981	639.62	-0.50528	10.651	0.082182	supercritical
118.00	0.40000	1.6240	0.61578	372.58	618.89	20.281	3.1184	5.1980	642.32	-0.50761	10.710	0.082653	supercritical
119.00	0.40000	1.6104	0.62097	375.70	624.09	20.325	3.1184	5.1979	645.01	-0.50989	10.769	0.083123	supercritical
120.00	0.40000	1.5970	0.62617	378.82	629.29	20.368	3.1183	5.1978	647.69	-0.51213	10.828	0.083592	supercritical
121.00	0.40000	1.5839	0.63137	381.94	634.48	20.411	3.1183	5.1977	650.35	-0.51432	10.887	0.084060	supercritical
122.00	0.40000	1.5709	0.63656	385.06	639.68	20.454	3.1183	5.1976	653.01	-0.51646	10.945	0.084527	supercritical
123.00	0.40000	1.5582	0.64176	388.18	644.88	20.496	3.1183	5.1975	655.65	-0.51857	11.003	0.084992	supercritical
124.00	0.40000	1.5457	0.64695	391.30	650.08	20.539	3.1183	5.1974	658.29	-0.52063	11.062	0.085457	supercritical
125.00	0.40000	1.5334	0.65215	394.41	655.27	20.580	3.1183	5.1974	660.91	-0.52265	11.120	0.085920	supercritical
126.00	0.40000	1.5213	0.65734	397.53	660.47	20.622	3.1182	5.1973	663.52	-0.52464	11.178	0.086383	supercritical
127.00	0.40000	1.5093	0.66254	400.65	665.67	20.663	3.1182	5.1972	666.12	-0.52658	11.236	0.086844	supercritical
128.00	0.40000	1.4976	0.66773	403.77	670.87	20.704	3.1182	5.1971	668.72	-0.52849	11.293	0.087304	supercritical
129.00	0.40000	1.4860	0.67293	406.89	676.06	20.744	3.1182	5.1970	671.30	-0.53035	11.351	0.087764	supercritical
130.00	0.40000	1.4747	0.67812	410.01	681.26	20.784	3.1182	5.1970	673.87	-0.53219	11.408	0.088222	supercritical
131.00	0.40000	1.4634	0.68332	413.13	686.46	20.824	3.1182	5.1969	676.43	-0.53399	11.466	0.088679	supercritical
132.00	0.40000	1.4524	0.68851	416.25	691.65	20.864	3.1181	5.1968	678.99	-0.53575	11.523	0.089135	supercritical
133.00	0.40000	1.4415	0.69371	419.37	696.85	20.903	3.1181	5.1968	681.53	-0.53748	11.580	0.089591	supercritical
134.00	0.40000	1.4308	0.69890	422.49	702.05	20.942	3.1181	5.1967	684.06	-0.53918	11.637	0.090045	supercritical
135.00	0.40000	1.4203	0.70410	425.60	707.24	20.980	3.1181	5.1966	686.59	-0.54085	11.693	0.090498	supercritical
136.00	0.40000	1.4099	0.70929	428.72	712.44	21.019	3.1181	5.1966	689.10	-0.54248	11.750	0.090951	supercritical
137.00	0.40000	1.3996	0.71449	431.84	717.64	21.057	3.1181	5.1965	691.61	-0.54409	11.807	0.091402	supercritical
138.00	0.40000	1.3895	0.71968	434.96	722.83	21.095	3.1181	5.1964	694.11	-0.54566	11.863	0.091852	supercritical
139.00	0.40000	1.3795	0.72488	438.08	728.03	21.132	3.1180	5.1964	696.60	-0.54721	11.919	0.092302	supercritical
140.00	0.40000	1.3697	0.73007	441.20	733.23	21.169	3.1180	5.1963	699.08	-0.54872	11.975	0.092751	supercritical
141.00	0.40000	1.3601	0.73527	444.32	738.42	21.206	3.1180	5.1962	701.55	-0.55021	12.031	0.093198	supercritical
142.00	0.40000	1.3505	0.74046	447.43	743.62	21.243	3.1180	5.1962	704.01	-0.55167	12.087	0.093645	supercritical
143.00	0.40000	1.3411	0.74566	450.55	748.82	21.279	3.1180	5.1961	706.46	-0.55311	12.143	0.094091	supercritical
144.00	0.40000	1.3318	0.75085	453.67	754.01	21.316	3.1180	5.1961	708.91	-0.55452	12.199	0.094536	supercritical
145.00	0.40000	1.3227	0.75604	456.79	759.21	21.352	3.1180	5.1960	711.34	-0.55590	12.254	0.094980	supercritical
146.00	0.40000	1.3136	0.76124	459.91	764.40	21.387	3.1179	5.1960	713.77	-0.55726	12.310	0.095423	supercritical
147.00	0.40000	1.3047	0.76643	463.03	769.60	21.423	3.1179	5.1959	716.19	-0.55859	12.365	0.095865	supercritical
148.00	0.40000	1.2960	0.77163	466.14	774.80	21.458	3.1179	5.1959	718.60	-0.55990	12.420	0.096307	supercritical
149.00	0.40000	1.2873	0.77682	469.26	779.99	21.493	3.1179	5.1958	721.00	-0.56119	12.476	0.096747	supercritical
150.00	0.40000	1.2787	0.78201	472.38	785.19	21.528	3.1179	5.1958	723.40	-0.56245	12.531	0.097187	supercritical
151.00	0.40000	1.2703	0.78721	475.50	790.38	21.562	3.1179	5.1957	725.79	-0.56369	12.586	0.097626	supercritical
152.00	0.40000	1.2620	0.79240	478.62	795.58	21.597	3.1179	5.1957	728.17	-0.56491	12.640	0.098064	supercritical
153.00	0.40000	1.2538	0.79760	481.74	800.77	21.631	3.1179	5.1956	730.54	-0.56611	12.695	0.098501	supercritical
154.00	0.40000	1.2457	0.80279	484.85	805.97	21.664	3.1178	5.1956	732.90	-0.56729	12.750	0.098938	supercritical
155.00	0.40000	1.2376	0.80798	487.97	811.17	21.698	3.1178	5.1956	735.26	-0.56844	12.804	0.099373	supercritical
156.00	0.40000	1.2297	0.81318	491.09	816.36	21.732	3.1178	5.1955	737.61	-0.56958	12.859	0.099808	supercritical
157.00	0.40000	1.2219	0.81837	494.21	821.56	21.765	3.1178	5.1955	739.95	-0.57069	12.913	0.10024	supercritical
158.00	0.40000	1.2142	0.82356	497.33	826.75	21.798	3.1178	5.1954	742.28	-0.57179	12.967	0.10068	supercritical
159.00	0.40000	1.2066	0.82876	500.44	831.95	21.831	3.1178	5.1954	744.61	-0.57286	13.021	0.10111	supercritical
160.00	0.40000	1.1991	0.83395	503.56	837.14	21.863	3.1178	5.1954	746.93	-0.57392	13.075	0.10154	supercritical
161.00	0.40000	1.1917	0.83915	506.68	842.34	21.895	3.1178	5.1953	749.24	-0.57496	13.129	0.10197	supercritical
162.00	0.40000	1.1844	0.84434	509.80	847.53	21.928	3.1177	5.1953	751.55	-0.57598	13.183	0.10240	supercritical
163.00	0.40000	1.1771	0.84953	512.92	852.73	21.960	3.1177	5.1952	753.85	-0.57699	13.237	0.10283	supercritical
164.00	0.40000	1.1700	0.85473	516.03	857.92	21.991	3.1177	5.1952	756.14	-0.57798	13.290	0.10326	supercritical
165.00	0.40000	1.1629	0.85992	519.15	863.12	22.023	3.1177	5.1952	758.42	-0.57895	13.344	0.10369	supercritical
166.00	0.40000	1.1559	0.86511	522.27	868.31	22.054	3.1177	5.1951	760.70	-0.57990	13.397	0.10411	supercritical
167.00	0.40000	1.1490	0.87031	525.39	873.51	22.086	3.1177	5.1951	762.97	-0.58084	13.451	0.10454	supercritical
168.00	0.40000	1.1422	0.87550	528.50	878.70	22.117	3.1177	5.1951	765.23	-0.58176	13.504	0.10496	supercritical
169.00	0.40000	1.1355	0.88069	531.62	883.90	22.147	3.1177	5.1950	767.49	-0.58266	13.557	0.10539	supercritical
170.00	0.40000	1.1288	0.88589	534.74	889.09	22.178	3.1177	5.1950	769.74	-0.58355	13.610	0.10581	supercritical
171.00	0.40000	1.1222	0.89108	537.86	894.29	22.208	3.1177	5.1950	771.99	-0.58443	13.663	0.10624	supercritical
172.00	0.40000	1.1157	0.89627	540.98	899.48	22.239	3.1176	5.1949	774.22	-0.58529	13.716	0.10666	supercritical
173.00	0.40000	1.1093	0.90147	544.09	904.68	22.269	3.1176	5.1949	776.46	-0.58613	13.769	0.10708	supercritical
174.00	0.40000	1.1030	0.90666	547.21	909.87	22.299	3.1176	5.1949	778.68	-0.58696	13.822	0.10750	supercritical
175.00	0.40000	1.0967	0.91185	550.33	915.07	22.329	3.1176	5.1949	780.90	-0.58778	13.874	0.10792	supercritical
176.00	0.40000	1.0905	0.91704	553.45	920.26	22.358	3.1176	5.1948	783.11	-0.58858	13.927	0.10834	supercritical
177.00	0.40000	1.0843	0.92224	556.56	925.46	22.388	3.1176	5.1948	785.32	-0.58937	13.979	0.10876	supercritical
178.00	0.40000	1.0782	0.92743	559.68	930.65	22.417	3.1176	5.1948	787.52	-0.59015	14.032	0.10918	supercritical
179.00	0.40000	1.0722	0.93262	562.80	935.85	22.446	3.1176	5.1947	789.71	-0.59091	14.084	0.10960	supercritical
180.00	0.40000	1.0663	0.93782	565.92	941.04	22.475	3.1176	5.1947	791.90	-0.59166	14.136	0.11002	supercritical
181.00	0.40000	1.0604	0.94301	569.03	946.24	22.504	3.1176	5.1947	794.08	-0.59240	14.188	0.11043	supercritical
182.00	0.40000	1.0546	0.94820	572.15	951.43	22.532	3.1175	5.1947	796.25	-0.59313	14.241	0.11085	supercritical
183.00	0.40000	1.0489	0.95340	575.27	956.63	22.561	3.1175	5.1946	798.42	-0.59384	14.293	0.11126	supercritical
184.00	0.40000	1.0432	0.95859	578.39	961.82	22.589	3.1175	5.1946	800.59	-0.59454	14.344	0.11168	supercritical
185.00	0.40000	1.0376	0.96378	581.50	967.02	22.617	3.1175	5.1946	802.75	-0.59523	14.396	0.11209	supercritical
186.00	0.40000	1.0320	0.96897	584.62	972.21	22.645	3.1175	5.1946	804.90	-0.59591	14.448	0.11250	supercritical
187.00	0.40000	1.0265	0.97417	587.74	977.40	22.673	3.1175	5.1945	807.04	-0.59658	14.500	0.11292	supercritical
188.00	0.40000	1.0211	0.97936	590.86	982.60	22.701	3.1175	5.1945	809.18	-0.59723	14.551	0.11333	supercritical
189.00	0.40000	1.0157	0.98455	593.97	987.79	22.728	3.1175	5.1945	811.32	-0.59788	14.603	0.11374	supercritical
190.00	0.40000	1.0104	0.98975	597.09	992.99	22.756	3.1175	5.1945	813.45	-0.59851	14.654	0.11415	supercritical
191.00	0.40000	1.0051	0.99494	600.21	998.18	22.783	3.1175	5.1945	815.57	-0.59914	14.706	0.11456	supercritical
192.00	0.40000	0.99987	1.0001	603.32	1003.4	22.810	3.1175	5.1944	817.69	-0.59975	14.757	0.11497	supercritical
193.00	0.40000	0.99470	1.0053	606.44	1008.6	22.837	3.1175	5.1944	819.80	-0.60035	14.808	0.11538	supercritical
194.00	0.40000	0.98959	1.0105	609.56	1013.8	22.864	3.1174	5.1944	821.91	-0.60095	14.859	0.11579	supercritical
195.00	0.40000	0.98453	1.0157	612.68	1019.0	22.891	3.1174	5.1944	824.01	-0.60153	14.910	0.11619	supercritical
196.00	0.40000	0.97953	1.0209	615.79	1024.2	22.917	3.1174	5.1943	826.11	-0.60210	14.961	0.11660	supercritical
197.00	0.40000	0.97457	1.0261	618.91	1029.3	22.944	3.1174	5.1943	828.20	-0.60267	15.012	0.11701	supercritical
198.00	0.40000	0.96966	1.0313	622.03	1034.5	22.970	3.1174	5.1943	830.29	-0.60322	15.063	0.11741	supercritical
199.00	0.40000	0.96480	1.0365	625.15	1039.7	22.996	3.1174	5.1943	832.37	-0.60377	15.114	0.11782	supercritical
200.00	0.40000	0.95999	1.0417	628.26	1044.9	23.022	3.1174	5.1943	834.44	-0.60430	15.165	0.11822	supercritical
201.00	0.40000	0.95523	1.0469	631.38	1050.1	23.048	3.1174	5.1943	836.51	-0.60483	15.215	0.11863	supercritical
202.00	0.40000	0.95052	1.0521	634.50	1055.3	23.074	3.1174	5.1942	838.58	-0.60535	15.266	0.11903	supercritical
203.00	0.40000	0.94585	1.0573	637.61	1060.5	23.100	3.1174	5.1942	840.64	-0.60586	15.316	0.11943	supercritical
204.00	0.40000	0.94123	1.0624	640.73	1065.7	23.125	3.1174	5.1942	842.69	-0.60636	15.367	0.11983	supercritical
205.00	0.40000	0.93665	1.0676	643.85	1070.9	23.151	3.1174	5.1942	844.74	-0.60686	15.417	0.12024	supercritical
206.00	0.40000	0.93211	1.0728	646.97	1076.1	23.176	3.1174	5.1942	846.79	-0.60734	15.467	0.12064	supercritical
207.00	0.40000	0.92762	1.0780	650.08	1081.3	23.201	3.1173	5.1941	848.83	-0.60782	15.518	0.12104	supercritical
208.00	0.40000	0.92318	1.0832	653.20	1086.5	23.226	3.1173	5.1941	850.87	-0.60829	15.568	0.12144	supercritical
209.00	0.40000	0.91877	1.0884	656.32	1091.7	23.251	3.1173	5.1941	852.90	-0.60875	15.618	0.12184	supercritical
210.00	0.40000	0.91441	1.0936	659.43	1096.9	23.276	3.1173	5.1941	854.92	-0.60920	15.668	0.12224	supercritical
211.00	0.40000	0.91009	1.0988	662.55	1102.1	23.300	3.1173	5.1941	856.94	-0.60965	15.718	0.12263	supercritical
212.00	0.40000	0.90581	1.1040	665.67	1107.3	23.325	3.1173	5.1941	858.96	-0.61009	15.768	0.12303	supercritical
213.00	0.40000	0.90157	1.1092	668.79	1112.5	23.349	3.1173	5.1941	860.97	-0.61052	15.818	0.12343	supercritical
214.00	0.40000	0.89737	1.1144	671.90	1117.7	23.374	3.1173	5.1940	862.98	-0.61094	15.867	0.12383	supercritical
215.00	0.40000	0.89321	1.1196	675.02	1122.8	23.398	3.1173	5.1940	864.98	-0.61136	15.917	0.12422	supercritical
216.00	0.40000	0.88908	1.1248	678.14	1128.0	23.422	3.1173	5.1940	866.98	-0.61177	15.967	0.12462	supercritical
217.00	0.40000	0.88500	1.1299	681.25	1133.2	23.446	3.1173	5.1940	868.97	-0.61217	16.016	0.12501	supercritical
218.00	0.40000	0.88095	1.1351	684.37	1138.4	23.470	3.1173	5.1940	870.96	-0.61257	16.066	0.12541	supercritical
219.00	0.40000	0.87694	1.1403	687.49	1143.6	23.494	3.1173	5.1940	872.94	-0.61296	16.115	0.12580	supercritical
220.00	0.40000	0.87296	1.1455	690.60	1148.8	23.517	3.1173	5.1940	874.92	-0.61334	16.164	0.12619	supercritical
221.00	0.40000	0.86902	1.1507	693.72	1154.0	23.541	3.1172	5.1939	876.90	-0.61372	16.214	0.12659	supercritical
222.00	0.40000	0.86512	1.1559	696.84	1159.2	23.564	3.1172	5.1939	878.87	-0.61409	16.263	0.12698	supercritical
223.00	0.40000	0.86125	1.1611	699.96	1164.4	23.588	3.1172	5.1939	880.83	-0.61445	16.312	0.12737	supercritical
224.00	0.40000	0.85742	1.1663	703.07	1169.6	23.611	3.1172	5.1939	882.80	-0.61481	16.361	0.12776	supercritical
225.00	0.40000	0.85362	1.1715	706.19	1174.8	23.634	3.1172	5.1939	884.75	-0.61516	16.410	0.12815	supercritical
226.00	0.40000	0.84985	1.1767	709.31	1180.0	23.657	3.1172	5.1939	886.71	-0.61550	16.459	0.12854	supercritical
227.00	0.40000	0.84612	1.1819	712.42	1185.2	23.680	3.1172	5.1939	888.66	-0.61584	16.508	0.12893	supercritical
228.00	0.40000	0.84241	1.1871	715.54	1190.4	23.703	3.1172	5.1938	890.60	-0.61618	16.557	0.12932	supercritical
229.00	0.40000	0.83875	1.1923	718.66	1195.6	23.726	3.1172	5.1938	892.54	-0.61650	16.606	0.12971	supercritical
230.00	0.40000	0.83511	1.1974	721.77	1200.8	23.748	3.1172	5.1938	894.48	-0.61683	16.655	0.13010	supercritical
231.00	0.40000	0.83150	1.2026	724.89	1205.9	23.771	3.1172	5.1938	896.41	-0.61714	16.704	0.13049	supercritical
232.00	0.40000	0.82793	1.2078	728.01	1211.1	23.793	3.1172	5.1938	898.34	-0.61745	16.752	0.13088	supercritical
233.00	0.40000	0.82438	1.2130	731.12	1216.3	23.815	3.1172	5.1938	900.26	-0.61776	16.801	0.13126	supercritical
234.00	0.40000	0.82087	1.2182	734.24	1221.5	23.838	3.1172	5.1938	902.18	-0.61806	16.849	0.13165	supercritical
235.00	0.40000	0.81739	1.2234	737.36	1226.7	23.860	3.1172	5.1938	904.09	-0.61835	16.898	0.13204	supercritical
236.00	0.40000	0.81393	1.2286	740.47	1231.9	23.882	3.1172	5.1938	906.01	-0.61864	16.946	0.13242	supercritical
237.00	0.40000	0.81051	1.2338	743.59	1237.1	23.904	3.1172	5.1937	907.91	-0.61893	16.995	0.13281	supercritical
238.00	0.40000	0.80711	1.2390	746.71	1242.3	23.926	3.1171	5.1937	909.82	-0.61921	17.043	0.13319	supercritical
239.00	0.40000	0.80374	1.2442	749.83	1247.5	23.948	3.1171	5.1937	911.72	-0.61948	17.091	0.13357	supercritical
240.00	0.40000	0.80040	1.2494	752.94	1252.7	23.969	3.1171	5.1937	913.61	-0.61975	17.140	0.13396	supercritical
241.00	0.40000	0.79709	1.2546	756.06	1257.9	23.991	3.1171	5.1937	915.50	-0.62002	17.188	0.13434	supercritical
242.00	0.40000	0.79380	1.2598	759.18	1263.1	24.012	3.1171	5.1937	917.39	-0.62028	17.236	0.13472	supercritical
243.00	0.40000	0.79055	1.2649	762.29	1268.3	24.034	3.1171	5.1937	919.27	-0.62053	17.284	0.13511	supercritical
244.00	0.40000	0.78731	1.2701	765.41	1273.5	24.055	3.1171	5.1937	921.15	-0.62079	17.332	0.13549	supercritical
245.00	0.40000	0.78411	1.2753	768.53	1278.7	24.076	3.1171	5.1937	923.03	-0.62103	17.380	0.13587	supercritical
246.00	0.40000	0.78093	1.2805	771.64	1283.9	24.097	3.1171	5.1937	924.90	-0.62127	17.428	0.13625	supercritical
247.00	0.40000	0.77778	1.2857	774.76	1289.0	24.119	3.1171	5.1936	926.77	-0.62151	17.475	0.13663	supercritical
248.00	0.40000	0.77465	1.2909	777.88	1294.2	24.140	3.1171	5.1936	928.64	-0.62174	17.523	0.13701	supercritical
249.00	0.40000	0.77154	1.2961	780.99	1299.4	24.160	3.1171	5.1936	930.50	-0.62197	17.571	0.13739	supercritical
250.00	0.40000	0.76847	1.3013	784.11	1304.6	24.181	3.1171	5.1936	932.35	-0.62220	17.619	0.13777	supercritical
251.00	0.40000	0.76541	1.3065	787.23	1309.8	24.202	3.1171	5.1936	934.21	-0.62242	17.666	0.13815	supercritical
252.00	0.40000	0.76238	1.3117	790.34	1315.0	24.223	3.1171	5.1936	936.06	-0.62263	17.714	0.13853	supercritical
253.00	0.40000	0.75938	1.3169	793.46	1320.2	24.243	3.1171	5.1936	937.90	-0.62285	17.761	0.13890	supercritical
254.00	0.40000	0.75639	1.3221	796.58	1325.4	24.264	3.1171	5.1936	939.75	-0.62305	17.809	0.13928	supercritical
255.00	0.40000	0.75343	1.3273	799.69	1330.6	24.284	3.1171	5.1936	941.58	-0.62326	17.856	0.13966	supercritical
256.00	0.40000	0.75050	1.3324	802.81	1335.8	24.304	3.1171	5.1936	943.42	-0.62346	17.903	0.14003	supercritical
257.00	0.40000	0.74758	1.3376	805.93	1341.0	24.325	3.1171	5.1936	945.25	-0.62366	17.951	0.14041	supercritical
258.00	0.40000	0.74469	1.3428	809.04	1346.2	24.345	3.1170	5.1936	947.08	-0.62385	17.998	0.14079	supercritical
259.00	0.40000	0.74183	1.3480	812.16	1351.4	24.365	3.1170	5.1935	948.91	-0.62404	18.045	0.14116	supercritical
260.00	0.40000	0.73898	1.3532	815.28	1356.6	24.385	3.1170	5.1935	950.73	-0.62422	18.092	0.14154	supercritical
261.00	0.40000	0.73616	1.3584	818.39	1361.8	24.405	3.1170	5.1935	952.54	-0.62440	18.139	0.14191	supercritical
262.00	0.40000	0.73335	1.3636	821.51	1367.0	24.425	3.1170	5.1935	954.36	-0.62458	18.187	0.14228	supercritical
263.00	0.40000	0.73057	1.3688	824.63	1372.1	24.445	3.1170	5.1935	956.17	-0.62476	18.234	0.14266	supercritical
264.00	0.40000	0.72781	1.3740	827.74	1377.3	24.464	3.1170	5.1935	957.98	-0.62493	18.281	0.14303	supercritical
265.00	0.40000	0.72507	1.3792	830.86	1382.5	24.484	3.1170	5.1935	959.78	-0.62510	18.327	0.14340	supercritical
266.00	0.40000	0.72235	1.3844	833.98	1387.7	24.503	3.1170	5.1935	961.58	-0.62526	18.374	0.14378	supercritical
267.00	0.40000	0.71965	1.3896	837.09	1392.9	24.523	3.1170	5.1935	963.38	-0.62542	18.421	0.14415	supercritical
268.00	0.40000	0.71697	1.3948	840.21	1398.1	24.542	3.1170	5.1935	965.17	-0.62558	18.468	0.14452	supercritical
269.00	0.40000	0.71431	1.3999	843.33	1403.3	24.562	3.1170	5.1935	966.96	-0.62573	18.515	0.14489	supercritical
270.00	0.40000	0.71167	1.4051	846.44	1408.5	24.581	3.1170	5.1935	968.75	-0.62588	18.561	0.14526	supercritical
271.00	0.40000	0.70905	1.4103	849.56	1413.7	24.600	3.1170	5.1935	970.54	-0.62603	18.608	0.14563	supercritical
272.00	0.40000	0.70645	1.4155	852.68	1418.9	24.619	3.1170	5.1935	972.32	-0.62618	18.654	0.14600	supercritical
273.00	0.40000	0.70387	1.4207	855.79	1424.1	24.638	3.1170	5.1935	974.09	-0.62632	18.701	0.14637	supercritical
274.00	0.40000	0.70131	1.4259	858.91	1429.3	24.657	3.1170	5.1934	975.87	-0.62646	18.747	0.14674	supercritical
275.00	0.40000	0.69876	1.4311	862.03	1434.5	24.676	3.1170	5.1934	977.64	-0.62659	18.794	0.14711	supercritical
276.00	0.40000	0.69624	1.4363	865.14	1439.7	24.695	3.1170	5.1934	979.41	-0.62672	18.840	0.14748	supercritical
277.00	0.40000	0.69373	1.4415	868.26	1444.9	24.714	3.1170	5.1934	981.17	-0.62685	18.887	0.14784	supercritical
278.00	0.40000	0.69124	1.4467	871.38	1450.0	24.733	3.1170	5.1934	982.93	-0.62698	18.933	0.14821	supercritical
279.00	0.40000	0.68877	1.4519	874.49	1455.2	24.751	3.1170	5.1934	984.69	-0.62710	18.979	0.14858	supercritical
280.00	0.40000	0.68631	1.4571	877.61	1460.4	24.770	3.1169	5.1934	986.45	-0.62722	19.025	0.14895	supercritical
281.00	0.40000	0.68388	1.4623	880.72	1465.6	24.788	3.1169	5.1934	988.20	-0.62734	19.071	0.14931	supercritical
282.00	0.40000	0.68146	1.4674	883.84	1470.8	24.807	3.1169	5.1934	989.95	-0.62746	19.118	0.14968	supercritical
283.00	0.40000	0.67905	1.4726	886.96	1476.0	24.825	3.1169	5.1934	991.69	-0.62757	19.164	0.15004	supercritical
284.00	0.40000	0.67667	1.4778	890.07	1481.2	24.843	3.1169	5.1934	993.44	-0.62768	19.210	0.15041	supercritical
285.00	0.40000	0.67430	1.4830	893.19	1486.4	24.862	3.1169	5.1934	995.18	-0.62779	19.256	0.15077	supercritical
286.00	0.40000	0.67195	1.4882	896.31	1491.6	24.880	3.1169	5.1934	996.91	-0.62789	19.302	0.15114	supercritical
287.00	0.40000	0.66961	1.4934	899.42	1496.8	24.898	3.1169	5.1934	998.65	-0.62799	19.347	0.15150	supercritical
288.00	0.40000	0.66729	1.4986	902.54	1502.0	24.916	3.1169	5.1934	1000.4	-0.62809	19.393	0.15187	supercritical
289.00	0.40000	0.66499	1.5038	905.66	1507.2	24.934	3.1169	5.1934	1002.1	-0.62819	19.439	0.15223	supercritical
290.00	0.40000	0.66270	1.5090	908.77	1512.4	24.952	3.1169	5.1934	1003.8	-0.62828	19.485	0.15259	supercritical
291.00	0.40000	0.66043	1.5142	911.89	1517.6	24.970	3.1169	5.1933	1005.6	-0.62838	19.531	0.15295	supercritical
292.00	0.40000	0.65817	1.5194	915.01	1522.8	24.988	3.1169	5.1933	1007.3	-0.62847	19.576	0.15332	supercritical
293.00	0.40000	0.65593	1.5246	918.12	1527.9	25.006	3.1169	5.1933	1009.0	-0.62855	19.622	0.15368	supercritical
294.00	0.40000	0.65370	1.5298	921.24	1533.1	25.023	3.1169	5.1933	1010.7	-0.62864	19.667	0.15404	supercritical
295.00	0.40000	0.65149	1.5349	924.36	1538.3	25.041	3.1169	5.1933	1012.4	-0.62872	19.713	0.15440	supercritical
296.00	0.40000	0.64929	1.5401	927.47	1543.5	25.058	3.1169	5.1933	1014.1	-0.62880	19.759	0.15476	supercritical
297.00	0.40000	0.64711	1.5453	930.59	1548.7	25.076	3.1169	5.1933	1015.8	-0.62888	19.804	0.15512	supercritical
298.00	0.40000	0.64495	1.5505	933.71	1553.9	25.093	3.1169	5.1933	1017.5	-0.62895	19.849	0.15548	supercritical
299.00	0.40000	0.64279	1.5557	936.82	1559.1	25.111	3.1169	5.1933	1019.2	-0.62903	19.895	0.15584	supercritical
300.00	0.40000	0.64065	1.5609	939.94	1564.3	25.128	3.1169	5.1933	1020.9	-0.62910	19.940	0.15620	supercritical